━━━━━━━━━━━━━━━━━━━━━━━━━━━━━━━━━━━━━━━━━━━━━━━━━━━━━━━━━━━━━━━━━━━━━━━━━━━━━━━━━
 Language              Files        Lines         Code     Comments       Blanks
━━━━━━━━━━━━━━━━━━━━━━━━━━━━━━━━━━━━━━━━━━━━━━━━━━━━━━━━━━━━━━━━━━━━━━━━━━━━━━━━━
 JSON                      8        30439        30439            0            0
 TypeScript               53         6000         4755          572          673
 TSX                      34         3574         3265           31          278
 SVG                      33         1127          944          183            0
 SQL                       7          587          436           99           52
 CSS                      16          436          377            6           53
 JavaScript                2          156          120           16           20
 YAML                      2           99           89            0           10
 Python                    1           59           52            1            6
 Dockerfile                1           28           16            2           10
 TOML                      1           23           15            4            4
 Plain Text                2          346            0          346            0
─────────────────────────────────────────────────────────────────────────────────
 HTML                      7          418          394            8           16
 |- CSS                    4         1123         1077           24           22
 |- JavaScript             5         2681         2315          176          190
 (Total)                             4222         3786          208          228
─────────────────────────────────────────────────────────────────────────────────
 Markdown                 13         6117            0         4150         1967
 |- BASH                   4          169           78           44           47
 |- SQL                    2           40           34            5            1
 |- TSX                    1            7            4            2            1
 |- TypeScript             4          279          187           65           27
 (Total)                             6612          303         4266         2043
━━━━━━━━━━━━━━━━━━━━━━━━━━━━━━━━━━━━━━━━━━━━━━━━━━━━━━━━━━━━━━━━━━━━━━━━━━━━━━━━━
 Total                   180        53708        44597         5734         3377
━━━━━━━━━━━━━━━━━━━━━━━━━━━━━━━━━━━━━━━━━━━━━━━━━━━━━━━━━━━━━━━━━━━━━━━━━━━━━━━━━
